7 
6
1 2
2 3
1 5
5 2
5 6
4 7

7
4 50
2 160
3 30
1 60
3 20
1 100

6 4 5 3 4

5 7
WLLWWWL
LLLWLLL
LWLWLWW
LWLWLLL
WLLWLWW

1000000 1000000 7 100000
2 2
3 4
7 6
4 5
4 3
5 3
6 4


11 12 2 24 10
16 1 13 3 25
6 20 5 21 17
19 4 8 14 9
22 15 7 23 18
5 10 7 16 2
4 22 8 17 13
3 18 1 6 25
12 19 23 14 21
11 24 9 20 15

10 5
3
1 4
3 2
2 8
2 3

4 
123 1 1 
356 1 0 
327 2 0 
489 0 1

3 10 50 60 100 100 200 300
45 50 600 600 400 450 500 543
11 120 120 230 50 40 60 440
35 56 67 90 67 80 500 600